At time 1727941714.114361443
- Translation: [1.544, 3.544, 0.000]
- Rotation: in Quaternion [0.000, 0.000, 0.000, 1.000]
- Rotation: in RPY (radian) [0.000, -0.000, 0.000]
- Rotation: in RPY (degree) [0.000, -0.000, 0.000]
- Matrix:
  1.000  0.000  0.000  1.544
  0.000  1.000  0.000  3.544
  0.000  0.000  1.000  0.000
  0.000  0.000  0.000  1.000
At time 1727941715.105995605
- Translation: [1.544, 3.544, 0.000]
- Rotation: in Quaternion [0.000, 0.000, 0.000, 1.000]
- Rotation: in RPY (radian) [0.000, -0.000, 0.000]
- Rotation: in RPY (degree) [0.000, -0.000, 0.000]
- Matrix:
  1.000  0.000  0.000  1.544
  0.000  1.000  0.000  3.544
  0.000  0.000  1.000  0.000
  0.000  0.000  0.000  1.000
At time 1727941716.114294326
- Translation: [2.425, 1.726, 0.000]
- Rotation: in Quaternion [0.000, 0.000, -0.106, 0.994]
- Rotation: in RPY (radian) [0.000, 0.000, -0.213]
- Rotation: in RPY (degree) [0.000, 0.000, -12.219]
- Matrix:
  0.977  0.212  0.000  2.425
 -0.212  0.977 -0.000  1.726
 -0.000  0.000  1.000  0.000
  0.000  0.000  0.000  1.000
At time 1727941717.106242553
- Translation: [1.607, 0.409, 0.000]
- Rotation: in Quaternion [0.000, 0.000, 0.279, 0.960]
- Rotation: in RPY (radian) [0.000, -0.000, 0.565]
- Rotation: in RPY (degree) [0.000, -0.000, 32.387]
- Matrix:
  0.844 -0.536  0.000  1.607
  0.536  0.844  0.000  0.409
  0.000  0.000  1.000  0.000
  0.000  0.000  0.000  1.000
At time 1727941718.114424999
- Translation: [1.644, 0.321, 0.000]
- Rotation: in Quaternion [0.000, 0.000, 0.573, 0.819]
- Rotation: in RPY (radian) [0.000, -0.000, 1.221]
- Rotation: in RPY (degree) [0.000, -0.000, 69.970]
- Matrix:
  0.343 -0.940  0.000  1.644
  0.940  0.343  0.000  0.321
  0.000  0.000  1.000  0.000
  0.000  0.000  0.000  1.000
At time 1727941719.106346805
- Translation: [1.310, 0.619, 0.000]
- Rotation: in Quaternion [0.000, 0.000, 0.841, 0.541]
- Rotation: in RPY (radian) [0.000, -0.000, 1.999]
- Rotation: in RPY (degree) [0.000, -0.000, 114.529]
- Matrix:
 -0.415 -0.910  0.000  1.310
  0.910 -0.415  0.000  0.619
  0.000  0.000  1.000  0.000
  0.000  0.000  0.000  1.000
At time 1727941720.114714871
- Translation: [0.302, 1.653, 0.000]
- Rotation: in Quaternion [-0.000, -0.000, 0.809, 0.587]
- Rotation: in RPY (radian) [-0.000, -0.000, 1.887]
- Rotation: in RPY (degree) [-0.000, -0.000, 108.090]
- Matrix:
 -0.311 -0.951 -0.000  0.302
  0.951 -0.311  0.000  1.653
  0.000 -0.000  1.000  0.000
  0.000  0.000  0.000  1.000
At time 1727941721.106338627
- Translation: [1.919, 1.649, 0.000]
- Rotation: in Quaternion [0.000, 0.000, 0.642, 0.766]
- Rotation: in RPY (radian) [0.000, -0.000, 1.395]
- Rotation: in RPY (degree) [0.000, -0.000, 79.938]
- Matrix:
  0.175 -0.985  0.000  1.919
  0.985  0.175  0.000  1.649
  0.000  0.000  1.000  0.000
  0.000  0.000  0.000  1.000
At time 1727941722.113997307
- Translation: [1.497, 1.359, 0.000]
- Rotation: in Quaternion [0.000, 0.000, 0.757, 0.654]
- Rotation: in RPY (radian) [0.000, -0.000, 1.717]
- Rotation: in RPY (degree) [0.000, -0.000, 98.349]
- Matrix:
 -0.145 -0.989  0.000  1.497
  0.989 -0.145  0.000  1.359
  0.000  0.000  1.000  0.000
  0.000  0.000  0.000  1.000
At time 1727941723.106314530
- Translation: [2.234, 1.968, 0.000]
- Rotation: in Quaternion [0.000, 0.000, 0.452, 0.892]
- Rotation: in RPY (radian) [0.000, -0.000, 0.939]
- Rotation: in RPY (degree) [0.000, -0.000, 53.789]
- Matrix:
  0.591 -0.807  0.000  2.234
  0.807  0.591  0.000  1.968
  0.000  0.000  1.000  0.000
  0.000  0.000  0.000  1.000
At time 1727941724.114473271
- Translation: [3.483, 1.121, 0.000]
- Rotation: in Quaternion [0.000, 0.000, 0.138, 0.990]
- Rotation: in RPY (radian) [0.000, -0.000, 0.278]
- Rotation: in RPY (degree) [0.000, -0.000, 15.909]
- Matrix:
  0.962 -0.274  0.000  3.483
  0.274  0.962  0.000  1.121
  0.000  0.000  1.000  0.000
  0.000  0.000  0.000  1.000
At time 1727941725.106431881
- Translation: [2.096, 0.260, 0.000]
- Rotation: in Quaternion [0.000, 0.000, 0.816, 0.578]
- Rotation: in RPY (radian) [0.000, -0.000, 1.910]
- Rotation: in RPY (degree) [0.000, -0.000, 109.416]
- Matrix:
 -0.332 -0.943  0.000  2.096
  0.943 -0.332  0.000  0.260
  0.000  0.000  1.000  0.000
  0.000  0.000  0.000  1.000
At time 1727941726.113475938
- Translation: [0.579, -0.023, 0.000]
- Rotation: in Quaternion [0.000, 0.000, 0.996, -0.090]
- Rotation: in RPY (radian) [0.000, -0.000, -2.961]
- Rotation: in RPY (degree) [0.000, -0.000, -169.671]
- Matrix:
 -0.984  0.179  0.000  0.579
 -0.179 -0.984  0.000 -0.023
  0.000  0.000  1.000  0.000
  0.000  0.000  0.000  1.000
At time 1727941727.105675198
- Translation: [0.673, -1.514, 0.000]
- Rotation: in Quaternion [0.000, 0.000, -0.555, 0.832]
- Rotation: in RPY (radian) [0.000, 0.000, -1.177]
- Rotation: in RPY (degree) [0.000, 0.000, -67.421]
- Matrix:
  0.384  0.923  0.000  0.673
 -0.923  0.384 -0.000 -1.514
 -0.000  0.000  1.000  0.000
  0.000  0.000  0.000  1.000
At time 1727941728.114502965
- Translation: [2.139, -0.537, 0.000]
- Rotation: in Quaternion [0.000, 0.000, -0.410, 0.912]
- Rotation: in RPY (radian) [0.000, 0.000, -0.846]
- Rotation: in RPY (degree) [0.000, 0.000, -48.460]
- Matrix:
  0.663  0.748  0.000  2.139
 -0.748  0.663 -0.000 -0.537
 -0.000  0.000  1.000  0.000
  0.000  0.000  0.000  1.000
At time 1727941729.106358130
- Translation: [1.326, -1.225, 0.000]
- Rotation: in Quaternion [0.000, 0.000, -0.673, 0.740]
- Rotation: in RPY (radian) [0.000, 0.000, -1.476]
- Rotation: in RPY (degree) [0.000, 0.000, -84.570]
- Matrix:
  0.095  0.996  0.000  1.326
 -0.996  0.095 -0.000 -1.225
 -0.000  0.000  1.000  0.000
  0.000  0.000  0.000  1.000
At time 1727941730.114718496
- Translation: [1.594, -1.653, 0.000]
- Rotation: in Quaternion [0.000, 0.000, -0.664, 0.748]
- Rotation: in RPY (radian) [0.000, 0.000, -1.453]
- Rotation: in RPY (degree) [0.000, 0.000, -83.235]
- Matrix:
  0.118  0.993  0.000  1.594
 -0.993  0.118 -0.000 -1.653
 -0.000  0.000  1.000  0.000
  0.000  0.000  0.000  1.000
At time 1727941731.105563438
- Translation: [1.875, -1.034, 0.000]
- Rotation: in Quaternion [0.000, 0.000, -0.375, 0.927]
- Rotation: in RPY (radian) [0.000, 0.000, -0.770]
- Rotation: in RPY (degree) [0.000, 0.000, -44.108]
- Matrix:
  0.718  0.696  0.000  1.875
 -0.696  0.718 -0.000 -1.034
 -0.000  0.000  1.000  0.000
  0.000  0.000  0.000  1.000
At time 1727941732.113607477
- Translation: [1.104, -0.246, 0.000]
- Rotation: in Quaternion [0.000, 0.000, -0.159, 0.987]
- Rotation: in RPY (radian) [0.000, 0.000, -0.320]
- Rotation: in RPY (degree) [0.000, 0.000, -18.339]
- Matrix:
  0.949  0.315  0.000  1.104
 -0.315  0.949 -0.000 -0.246
 -0.000  0.000  1.000  0.000
  0.000  0.000  0.000  1.000
At time 1727941733.106031821
- Translation: [2.299, -0.239, 0.000]
- Rotation: in Quaternion [0.000, 0.000, -0.048, 0.999]
- Rotation: in RPY (radian) [0.000, 0.000, -0.095]
- Rotation: in RPY (degree) [0.000, 0.000, -5.460]
- Matrix:
  0.995  0.095  0.000  2.299
 -0.095  0.995 -0.000 -0.239
 -0.000  0.000  1.000  0.000
  0.000  0.000  0.000  1.000
At time 1727941734.114101150
- Translation: [1.409, -0.051, 0.000]
- Rotation: in Quaternion [0.000, 0.000, -0.001, 1.000]
- Rotation: in RPY (radian) [0.000, 0.000, -0.001]
- Rotation: in RPY (degree) [0.000, 0.000, -0.070]
- Matrix:
  1.000  0.001  0.000  1.409
 -0.001  1.000 -0.000 -0.051
 -0.000  0.000  1.000  0.000
  0.000  0.000  0.000  1.000
